  T             SPC3930            SPC5278            SPC3948            SPC5664            SPC5714            SPC5680            SPC5663            SPC4193            SPC5558            SPC5562            SPC5563            SPC5590            SPC5597            SPC5647            SPC5624            SPC5599            SPC5608            SPC5640            SPC5701            SPC5277            SPC3939            SPC3938            SPC5157            SPC3933            SPC3951            SPC3940            
  T(idx)             2             4            24           614           621           942          1954          2433          3497          3501          3502          3511          3515          3520          3928          4237          4238          4848          5450          5713          5714          5716          5717          5718          5719          5720  
  0.000000E+00  0.000000E+00  0.000000E+00  0.000000E+00  0.000000E+00  0.000000E+00  0.000000E+00  0.000000E+00  0.000000E+00  0.000000E+00  0.000000E+00  0.000000E+00  0.000000E+00  0.000000E+00  0.000000E+00  0.000000E+00  0.000000E+00  0.000000E+00  0.000000E+00  0.000000E+00  0.000000E+00  1.150000E+11  0.000000E+00  0.000000E+00  0.000000E+00  2.290000E+12  0.000000E+00
  6.000000E+02  0.000000E+00  0.000000E+00  0.000000E+00  0.000000E+00  0.000000E+00  0.000000E+00  0.000000E+00  0.000000E+00  0.000000E+00  0.000000E+00  0.000000E+00  0.000000E+00  0.000000E+00  0.000000E+00  0.000000E+00  0.000000E+00  0.000000E+00  0.000000E+00  0.000000E+00  0.000000E+00  1.087879E+11  2.038231E+05  0.000000E+00  0.000000E+00  2.286825E+12  1.283264E+08
  1.200000E+03  0.000000E+00  0.000000E+00  0.000000E+00  0.000000E+00  0.000000E+00  0.000000E+00  0.000000E+00  0.000000E+00  0.000000E+00  0.000000E+00  0.000000E+00  0.000000E+00  0.000000E+00  0.000000E+00  0.000000E+00  0.000000E+00  0.000000E+00  0.000000E+00  0.000000E+00  0.000000E+00  1.029045E+11  3.207668E+05  0.000000E+00  0.000000E+00  2.283823E+12  2.262300E+08
  1.800000E+03  0.000000E+00  0.000000E+00  0.000000E+00  0.000000E+00  0.000000E+00  0.000000E+00  0.000000E+00  0.000000E+00  0.000000E+00  0.000000E+00  0.000000E+00  0.000000E+00  0.000000E+00  0.000000E+00  0.000000E+00  0.000000E+00  0.000000E+00  0.000000E+00  0.000000E+00  0.000000E+00  9.736387E+10  4.131273E+05  0.000000E+00  0.000000E+00  2.280985E+12  3.290594E+08
  2.400000E+03  0.000000E+00  0.000000E+00  0.000000E+00  0.000000E+00  0.000000E+00  0.000000E+00  0.000000E+00  0.000000E+00  0.000000E+00  0.000000E+00  0.000000E+00  0.000000E+00  0.000000E+00  0.000000E+00  0.000000E+00  0.000000E+00  0.000000E+00  0.000000E+00  0.000000E+00  0.000000E+00  9.214639E+10  4.851017E+05  0.000000E+00  0.000000E+00  2.278301E+12  4.369623E+08
  3.000000E+03  0.000000E+00  0.000000E+00  0.000000E+00  0.000000E+00  0.000000E+00  0.000000E+00  0.000000E+00  0.000000E+00  0.000000E+00  0.000000E+00  0.000000E+00  0.000000E+00  0.000000E+00  0.000000E+00  0.000000E+00  0.000000E+00  0.000000E+00  0.000000E+00  0.000000E+00  0.000000E+00  8.723352E+10  5.402164E+05  0.000000E+00  0.000000E+00  2.275761E+12  5.501730E+08
  3.600000E+03  0.000000E+00  0.000000E+00  0.000000E+00  0.000000E+00  0.000000E+00  0.000000E+00  0.000000E+00  0.000000E+00  0.000000E+00  0.000000E+00  0.000000E+00  0.000000E+00  0.000000E+00  0.000000E+00  0.000000E+00  0.000000E+00  0.000000E+00  0.000000E+00  0.000000E+00  0.000000E+00  8.260774E+10  5.814745E+05  0.000000E+00  0.000000E+00  2.273358E+12  6.688295E+08
  4.200000E+03  0.000000E+00  0.000000E+00  0.000000E+00  0.000000E+00  0.000000E+00  0.000000E+00  0.000000E+00  0.000000E+00  0.000000E+00  0.000000E+00  0.000000E+00  0.000000E+00  0.000000E+00  0.000000E+00  0.000000E+00  0.000000E+00  0.000000E+00  0.000000E+00  0.000000E+00  0.000000E+00  7.825256E+10  6.113091E+05  0.000000E+00  0.000000E+00  2.271083E+12  7.930950E+08
  4.800000E+03  0.000000E+00  0.000000E+00  0.000000E+00  0.000000E+00  0.000000E+00  0.000000E+00  0.000000E+00  0.000000E+00  0.000000E+00  0.000000E+00  0.000000E+00  0.000000E+00  0.000000E+00  0.000000E+00  0.000000E+00  0.000000E+00  0.000000E+00  0.000000E+00  0.000000E+00  0.000000E+00  7.415243E+10  6.317423E+05  0.000000E+00  0.000000E+00  2.268929E+12  9.231255E+08
  5.400000E+03  0.000000E+00  0.000000E+00  0.000000E+00  0.000000E+00  0.000000E+00  0.000000E+00  0.000000E+00  0.000000E+00  0.000000E+00  0.000000E+00  0.000000E+00  0.000000E+00  0.000000E+00  0.000000E+00  0.000000E+00  0.000000E+00  0.000000E+00  0.000000E+00  0.000000E+00  0.000000E+00  7.029272E+10  6.444578E+05  0.000000E+00  0.000000E+00  2.266888E+12  1.059067E+09
  6.000000E+03  0.000000E+00  0.000000E+00  0.000000E+00  0.000000E+00  0.000000E+00  0.000000E+00  0.000000E+00  0.000000E+00  0.000000E+00  0.000000E+00  0.000000E+00  0.000000E+00  0.000000E+00  0.000000E+00  0.000000E+00  0.000000E+00  0.000000E+00  0.000000E+00  0.000000E+00  0.000000E+00  6.665963E+10  6.508605E+05  0.000000E+00  0.000000E+00  2.264954E+12  1.201055E+09
  6.600000E+03  0.000000E+00  0.000000E+00  0.000000E+00  0.000000E+00  0.000000E+00  0.000000E+00  0.000000E+00  0.000000E+00  0.000000E+00  0.000000E+00  0.000000E+00  0.000000E+00  0.000000E+00  0.000000E+00  0.000000E+00  0.000000E+00  0.000000E+00  0.000000E+00  0.000000E+00  0.000000E+00  6.324016E+10  6.521240E+05  0.000000E+00  0.000000E+00  2.263121E+12  1.349211E+09
  7.200000E+03  0.000000E+00  0.000000E+00  0.000000E+00  0.000000E+00  0.000000E+00  0.000000E+00  0.000000E+00  0.000000E+00  0.000000E+00  0.000000E+00  0.000000E+00  0.000000E+00  0.000000E+00  0.000000E+00  0.000000E+00  0.000000E+00  0.000000E+00  0.000000E+00  0.000000E+00  0.000000E+00  6.002205E+10  6.492295E+05  0.000000E+00  0.000000E+00  2.261382E+12  1.503641E+09
  7.800000E+03  0.000000E+00  0.000000E+00  0.000000E+00  0.000000E+00  0.000000E+00  0.000000E+00  0.000000E+00  0.000000E+00  0.000000E+00  0.000000E+00  0.000000E+00  0.000000E+00  0.000000E+00  0.000000E+00  0.000000E+00  0.000000E+00  0.000000E+00  0.000000E+00  0.000000E+00  0.000000E+00  5.699374E+10  6.429980E+05  0.000000E+00  0.000000E+00  2.259732E+12  1.664433E+09
  8.400000E+03  0.000000E+00  0.000000E+00  0.000000E+00  0.000000E+00  0.000000E+00  0.000000E+00  0.000000E+00  0.000000E+00  0.000000E+00  0.000000E+00  0.000000E+00  0.000000E+00  0.000000E+00  0.000000E+00  0.000000E+00  0.000000E+00  0.000000E+00  0.000000E+00  0.000000E+00  0.000000E+00  5.414433E+10  6.341165E+05  0.000000E+00  0.000000E+00  2.258165E+12  1.831654E+09
  9.000000E+03  0.000000E+00  0.000000E+00  0.000000E+00  0.000000E+00  0.000000E+00  0.000000E+00  0.000000E+00  0.000000E+00  0.000000E+00  0.000000E+00  0.000000E+00  0.000000E+00  0.000000E+00  0.000000E+00  0.000000E+00  0.000000E+00  0.000000E+00  0.000000E+00  0.000000E+00  0.000000E+00  5.146355E+10  6.231596E+05  0.000000E+00  0.000000E+00  2.256677E+12  2.005352E+09
  9.600000E+03  0.000000E+00  0.000000E+00  0.000000E+00  0.000000E+00  0.000000E+00  0.000000E+00  0.000000E+00  0.000000E+00  0.000000E+00  0.000000E+00  0.000000E+00  0.000000E+00  0.000000E+00  0.000000E+00  0.000000E+00  0.000000E+00  0.000000E+00  0.000000E+00  0.000000E+00  0.000000E+00  4.894168E+10  6.106074E+05  0.000000E+00  0.000000E+00  2.255263E+12  2.185547E+09
  1.020000E+04  0.000000E+00  0.000000E+00  0.000000E+00  0.000000E+00  0.000000E+00  0.000000E+00  0.000000E+00  0.000000E+00  0.000000E+00  0.000000E+00  0.000000E+00  0.000000E+00  0.000000E+00  0.000000E+00  0.000000E+00  0.000000E+00  0.000000E+00  0.000000E+00  0.000000E+00  0.000000E+00  4.656957E+10  5.968606E+05  0.000000E+00  0.000000E+00  2.253918E+12  2.372236E+09
  1.080000E+04  0.000000E+00  0.000000E+00  0.000000E+00  0.000000E+00  0.000000E+00  0.000000E+00  0.000000E+00  0.000000E+00  0.000000E+00  0.000000E+00  0.000000E+00  0.000000E+00  0.000000E+00  0.000000E+00  0.000000E+00  0.000000E+00  0.000000E+00  0.000000E+00  0.000000E+00  0.000000E+00  4.433856E+10  5.822528E+05  0.000000E+00  0.000000E+00  2.252639E+12  2.565386E+09
  1.140000E+04  0.000000E+00  0.000000E+00  0.000000E+00  0.000000E+00  0.000000E+00  0.000000E+00  0.000000E+00  0.000000E+00  0.000000E+00  0.000000E+00  0.000000E+00  0.000000E+00  0.000000E+00  0.000000E+00  0.000000E+00  0.000000E+00  0.000000E+00  0.000000E+00  0.000000E+00  0.000000E+00  4.224047E+10  5.670611E+05  0.000000E+00  0.000000E+00  2.251421E+12  2.764936E+09
  1.200000E+04  0.000000E+00  0.000000E+00  0.000000E+00  0.000000E+00  0.000000E+00  0.000000E+00  0.000000E+00  0.000000E+00  0.000000E+00  0.000000E+00  0.000000E+00  0.000000E+00  0.000000E+00  0.000000E+00  0.000000E+00  0.000000E+00  0.000000E+00  0.000000E+00  0.000000E+00  0.000000E+00  4.026756E+10  5.515148E+05  0.000000E+00  0.000000E+00  2.250261E+12  2.970796E+09
  1.260000E+04  0.000000E+00  0.000000E+00  0.000000E+00  0.000000E+00  0.000000E+00  0.000000E+00  0.000000E+00  0.000000E+00  0.000000E+00  0.000000E+00  0.000000E+00  0.000000E+00  0.000000E+00  0.000000E+00  0.000000E+00  0.000000E+00  0.000000E+00  0.000000E+00  0.000000E+00  0.000000E+00  3.841254E+10  5.358025E+05  0.000000E+00  0.000000E+00  2.249155E+12  3.182844E+09
  1.320000E+04  0.000000E+00  0.000000E+00  0.000000E+00  0.000000E+00  0.000000E+00  0.000000E+00  0.000000E+00  0.000000E+00  0.000000E+00  0.000000E+00  0.000000E+00  0.000000E+00  0.000000E+00  0.000000E+00  0.000000E+00  0.000000E+00  0.000000E+00  0.000000E+00  0.000000E+00  0.000000E+00  3.666848E+10  5.200788E+05  0.000000E+00  0.000000E+00  2.248099E+12  3.400928E+09
  1.380000E+04  0.000000E+00  0.000000E+00  0.000000E+00  0.000000E+00  0.000000E+00  0.000000E+00  0.000000E+00  0.000000E+00  0.000000E+00  0.000000E+00  0.000000E+00  0.000000E+00  0.000000E+00  0.000000E+00  0.000000E+00  0.000000E+00  0.000000E+00  0.000000E+00  0.000000E+00  0.000000E+00  3.502884E+10  5.044691E+05  0.000000E+00  0.000000E+00  2.247092E+12  3.624864E+09
  1.440000E+04  0.000000E+00  0.000000E+00  0.000000E+00  0.000000E+00  0.000000E+00  0.000000E+00  0.000000E+00  0.000000E+00  0.000000E+00  0.000000E+00  0.000000E+00  0.000000E+00  0.000000E+00  0.000000E+00  0.000000E+00  0.000000E+00  0.000000E+00  0.000000E+00  0.000000E+00  0.000000E+00  3.348743E+10  4.890741E+05  0.000000E+00  0.000000E+00  2.246130E+12  3.854440E+09
  1.500000E+04  0.000000E+00  0.000000E+00  0.000000E+00  0.000000E+00  0.000000E+00  0.000000E+00  0.000000E+00  0.000000E+00  0.000000E+00  0.000000E+00  0.000000E+00  0.000000E+00  0.000000E+00  0.000000E+00  0.000000E+00  0.000000E+00  0.000000E+00  0.000000E+00  0.000000E+00  0.000000E+00  3.203838E+10  4.739740E+05  0.000000E+00  0.000000E+00  2.245210E+12  4.089415E+09
  1.560000E+04  0.000000E+00  0.000000E+00  3.840410E-76  0.000000E+00  0.000000E+00  0.000000E+00  0.000000E+00  0.000000E+00  0.000000E+00  0.000000E+00  0.000000E+00  0.000000E+00  0.000000E+00  0.000000E+00  0.000000E+00  0.000000E+00  0.000000E+00  0.000000E+00  0.000000E+00  0.000000E+00  3.067615E+10  4.592313E+05  1.646123E-67  7.658334E-67  2.244329E+12  4.329522E+09
  1.620000E+04  0.000000E+00  0.000000E+00  1.918352E-08  0.000000E+00  0.000000E+00  0.000000E+00  0.000000E+00  0.000000E+00  0.000000E+00  0.000000E+00  0.000000E+00  0.000000E+00  0.000000E+00  0.000000E+00  0.000000E+00  0.000000E+00  0.000000E+00  0.000000E+00  0.000000E+00  0.000000E+00  3.188772E+10  1.785269E+07  7.152099E+00  1.808293E+01  2.244476E+12  3.913866E+09
  1.680000E+04  0.000000E+00  0.000000E+00  5.323020E-05  0.000000E+00  0.000000E+00  0.000000E+00  0.000000E+00  0.000000E+00  0.000000E+00  0.000000E+00  0.000000E+00  0.000000E+00  0.000000E+00  0.000000E+00  0.000000E+00  0.000000E+00  0.000000E+00  0.000000E+00  0.000000E+00  0.000000E+00  5.900347E+10  1.598971E+08  1.325488E+04  3.443265E+04  2.254577E+12  1.175648E+09
  1.740000E+04  0.000000E+00  0.000000E+00  8.792733E-04  0.000000E+00  0.000000E+00  0.000000E+00  0.000000E+00  0.000000E+00  0.000000E+00  0.000000E+00  0.000000E+00  0.000000E+00  0.000000E+00  0.000000E+00  0.000000E+00  0.000000E+00  0.000000E+00  0.000000E+00  0.000000E+00  0.000000E+00  8.749145E+10  1.107946E+09  1.583168E+05  3.820115E+05  2.266635E+12  3.161791E+08
  1.800000E+04  0.000000E+00  0.000000E+00  3.639583E-03  0.000000E+00  0.000000E+00  0.000000E+00  0.000000E+00  0.000000E+00  0.000000E+00  0.000000E+00  0.000000E+00  0.000000E+00  0.000000E+00  0.000000E+00  0.000000E+00  0.000000E+00  0.000000E+00  0.000000E+00  0.000000E+00  0.000000E+00  1.018317E+11  3.387089E+09  5.790619E+05  1.230260E+06  2.275584E+12  8.549280E+07
  1.860000E+04  0.000000E+00  0.000000E+00  8.494818E-03  0.000000E+00  0.000000E+00  0.000000E+00  0.000000E+00  0.000000E+00  0.000000E+00  0.000000E+00  0.000000E+00  0.000000E+00  0.000000E+00  0.000000E+00  0.000000E+00  0.000000E+00  0.000000E+00  0.000000E+00  0.000000E+00  0.000000E+00  1.046637E+11  6.012892E+09  1.325832E+06  2.358063E+06  2.280275E+12  3.085607E+07
  1.920000E+04  0.000000E+00  0.000000E+00  1.480344E-02  0.000000E+00  0.000000E+00  0.000000E+00  0.000000E+00  0.000000E+00  0.000000E+00  0.000000E+00  0.000000E+00  0.000000E+00  0.000000E+00  0.000000E+00  0.000000E+00  0.000000E+00  0.000000E+00  0.000000E+00  0.000000E+00  0.000000E+00  1.026300E+11  8.324959E+09  2.357404E+06  3.528985E+06  2.282399E+12  1.738031E+07
  1.980000E+04  0.000000E+00  0.000000E+00  2.178058E-02  0.000000E+00  0.000000E+00  0.000000E+00  0.000000E+00  0.000000E+00  0.000000E+00  0.000000E+00  0.000000E+00  0.000000E+00  0.000000E+00  0.000000E+00  0.000000E+00  0.000000E+00  0.000000E+00  0.000000E+00  0.000000E+00  0.000000E+00  9.891213E+10  1.020118E+10  3.600134E+06  4.682311E+06  2.283163E+12  1.289322E+07
  2.040000E+04  0.000000E+00  0.000000E+00  2.879190E-02  0.000000E+00  0.000000E+00  0.000000E+00  0.000000E+00  0.000000E+00  0.000000E+00  0.000000E+00  0.000000E+00  0.000000E+00  0.000000E+00  0.000000E+00  0.000000E+00  0.000000E+00  0.000000E+00  0.000000E+00  0.000000E+00  0.000000E+00  9.441912E+10  1.162781E+10  4.997379E+06  5.862264E+06  2.282941E+12  1.069693E+07
  2.100000E+04  0.000000E+00  0.000000E+00  3.540604E-02  0.000000E+00  0.000000E+00  0.000000E+00  0.000000E+00  0.000000E+00  0.000000E+00  0.000000E+00  0.000000E+00  0.000000E+00  0.000000E+00  0.000000E+00  0.000000E+00  0.000000E+00  0.000000E+00  0.000000E+00  0.000000E+00  0.000000E+00  8.939613E+10  1.261692E+10  6.515507E+06  7.136151E+06  2.281836E+12  9.317799E+06
  2.160000E+04  0.000000E+00  0.000000E+00  4.136327E-02  0.000000E+00  0.000000E+00  0.000000E+00  0.000000E+00  0.000000E+00  0.000000E+00  0.000000E+00  0.000000E+00  0.000000E+00  0.000000E+00  0.000000E+00  0.000000E+00  0.000000E+00  0.000000E+00  0.000000E+00  0.000000E+00  0.000000E+00  8.395208E+10  1.319594E+10  8.137663E+06  8.570927E+06  2.279916E+12  8.343383E+06
  2.220000E+04  0.000000E+00  0.000000E+00  4.652872E-02  0.000000E+00  0.000000E+00  0.000000E+00  0.000000E+00  0.000000E+00  0.000000E+00  0.000000E+00  0.000000E+00  0.000000E+00  0.000000E+00  0.000000E+00  0.000000E+00  0.000000E+00  0.000000E+00  0.000000E+00  0.000000E+00  0.000000E+00  7.817352E+10  1.340347E+10  9.860708E+06  1.023979E+07  2.277256E+12  7.610420E+06
  2.280000E+04  0.000000E+00  0.000000E+00  5.085168E-02  0.000000E+00  0.000000E+00  0.000000E+00  0.000000E+00  0.000000E+00  0.000000E+00  0.000000E+00  0.000000E+00  0.000000E+00  0.000000E+00  0.000000E+00  0.000000E+00  0.000000E+00  0.000000E+00  0.000000E+00  0.000000E+00  0.000000E+00  7.214416E+10  1.328327E+10  1.169452E+07  1.223393E+07  2.273947E+12  7.036806E+06
  2.340000E+04  0.000000E+00  0.000000E+00  5.433549E-02  0.000000E+00  0.000000E+00  0.000000E+00  0.000000E+00  0.000000E+00  0.000000E+00  0.000000E+00  0.000000E+00  0.000000E+00  0.000000E+00  0.000000E+00  0.000000E+00  0.000000E+00  0.000000E+00  0.000000E+00  0.000000E+00  0.000000E+00  6.594637E+10  1.288039E+10  1.366363E+07  1.467855E+07  2.270087E+12  6.576194E+06
  2.400000E+04  0.000000E+00  0.000000E+00  5.701649E-02  0.000000E+00  0.000000E+00  0.000000E+00  0.000000E+00  0.000000E+00  0.000000E+00  0.000000E+00  0.000000E+00  0.000000E+00  0.000000E+00  0.000000E+00  0.000000E+00  0.000000E+00  0.000000E+00  0.000000E+00  0.000000E+00  0.000000E+00  5.965723E+10  1.224199E+10  1.580669E+07  1.774733E+07  2.265774E+12  6.200098E+06
  2.460000E+04  0.000000E+00  0.000000E+00  5.894991E-02  0.000000E+00  0.000000E+00  0.000000E+00  0.000000E+00  0.000000E+00  0.000000E+00  0.000000E+00  0.000000E+00  0.000000E+00  0.000000E+00  0.000000E+00  0.000000E+00  0.000000E+00  0.000000E+00  0.000000E+00  0.000000E+00  0.000000E+00  5.335189E+10  1.141252E+10  1.817869E+07  2.169092E+07  2.261105E+12  5.892640E+06
  2.520000E+04  0.000000E+00  0.000000E+00  6.020056E-02  0.000000E+00  0.000000E+00  0.000000E+00  0.000000E+00  0.000000E+00  0.000000E+00  0.000000E+00  0.000000E+00  0.000000E+00  0.000000E+00  0.000000E+00  0.000000E+00  0.000000E+00  0.000000E+00  0.000000E+00  0.000000E+00  0.000000E+00  4.710300E+10  1.043451E+10  2.085290E+07  2.687666E+07  2.256164E+12  5.646662E+06
  2.580000E+04  0.000000E+00  0.000000E+00  6.083687E-02  0.000000E+00  0.000000E+00  0.000000E+00  0.000000E+00  0.000000E+00  0.000000E+00  0.000000E+00  0.000000E+00  0.000000E+00  0.000000E+00  0.000000E+00  0.000000E+00  0.000000E+00  0.000000E+00  0.000000E+00  0.000000E+00  0.000000E+00  4.098252E+10  9.348514E+09  2.392424E+07  3.385494E+07  2.251030E+12  5.462861E+06
  2.640000E+04  0.000000E+00  0.000000E+00  6.092718E-02  0.000000E+00  0.000000E+00  0.000000E+00  0.000000E+00  0.000000E+00  0.000000E+00  0.000000E+00  0.000000E+00  0.000000E+00  0.000000E+00  0.000000E+00  0.000000E+00  0.000000E+00  0.000000E+00  0.000000E+00  0.000000E+00  0.000000E+00  3.506425E+10  8.194106E+09  2.750421E+07  4.343908E+07  2.245765E+12  5.349999E+06
  2.700000E+04  0.000000E+00  0.000000E+00  6.053736E-02  0.000000E+00  0.000000E+00  0.000000E+00  0.000000E+00  0.000000E+00  0.000000E+00  0.000000E+00  0.000000E+00  0.000000E+00  0.000000E+00  0.000000E+00  0.000000E+00  0.000000E+00  0.000000E+00  0.000000E+00  0.000000E+00  0.000000E+00  2.942759E+10  7.011630E+09  3.170994E+07  5.679226E+07  2.240418E+12  5.325324E+06
  2.760000E+04  0.000000E+00  0.000000E+00  5.972940E-02  0.000000E+00  0.000000E+00  0.000000E+00  0.000000E+00  0.000000E+00  0.000000E+00  0.000000E+00  0.000000E+00  0.000000E+00  0.000000E+00  0.000000E+00  0.000000E+00  0.000000E+00  0.000000E+00  0.000000E+00  0.000000E+00  0.000000E+00  2.416454E+10  5.842623E+09  3.661763E+07  7.548236E+07  2.235016E+12  5.414579E+06
  2.820000E+04  0.000000E+00  0.000000E+00  5.856071E-02  0.000000E+00  0.000000E+00  0.000000E+00  0.000000E+00  0.000000E+00  0.000000E+00  0.000000E+00  0.000000E+00  0.000000E+00  0.000000E+00  0.000000E+00  0.000000E+00  0.000000E+00  0.000000E+00  0.000000E+00  0.000000E+00  0.000000E+00  1.938332E+10  4.732628E+09  4.214870E+07  1.011664E+08  2.229555E+12  5.643070E+06
  2.880000E+04  0.000000E+00  0.000000E+00  5.708379E-02  0.000000E+00  0.000000E+00  0.000000E+00  0.000000E+00  0.000000E+00  0.000000E+00  0.000000E+00  0.000000E+00  0.000000E+00  0.000000E+00  0.000000E+00  0.000000E+00  0.000000E+00  0.000000E+00  0.000000E+00  0.000000E+00  0.000000E+00  1.520431E+10  3.730614E+09  4.789499E+07  1.345286E+08  2.224004E+12  6.011863E+06
  2.940000E+04  0.000000E+00  0.000000E+00  5.534668E-02  0.000000E+00  0.000000E+00  0.000000E+00  0.000000E+00  0.000000E+00  0.000000E+00  0.000000E+00  0.000000E+00  0.000000E+00  0.000000E+00  0.000000E+00  0.000000E+00  0.000000E+00  0.000000E+00  0.000000E+00  0.000000E+00  0.000000E+00  1.173346E+10  2.881321E+09  5.304772E+07  1.735286E+08  2.218308E+12  6.464792E+06
  3.000000E+04  0.000000E+00  0.000000E+00  5.339401E-02  0.000000E+00  0.000000E+00  0.000000E+00  0.000000E+00  0.000000E+00  0.000000E+00  0.000000E+00  0.000000E+00  0.000000E+00  0.000000E+00  0.000000E+00  0.000000E+00  0.000000E+00  0.000000E+00  0.000000E+00  0.000000E+00  0.000000E+00  9.012893E+09  2.209543E+09  5.672650E+07  2.129329E+08  2.212426E+12  6.890185E+06
  3.060000E+04  0.000000E+00  0.000000E+00  5.126808E-02  0.000000E+00  0.000000E+00  0.000000E+00  0.000000E+00  0.000000E+00  0.000000E+00  0.000000E+00  0.000000E+00  0.000000E+00  0.000000E+00  0.000000E+00  0.000000E+00  0.000000E+00  0.000000E+00  0.000000E+00  0.000000E+00  0.000000E+00  6.988364E+09  1.709196E+09  5.854000E+07  2.470499E+08  2.206367E+12  7.185493E+06
  3.120000E+04  0.000000E+00  0.000000E+00  4.900897E-02  0.000000E+00  0.000000E+00  0.000000E+00  0.000000E+00  0.000000E+00  0.000000E+00  0.000000E+00  0.000000E+00  0.000000E+00  0.000000E+00  0.000000E+00  0.000000E+00  0.000000E+00  0.000000E+00  0.000000E+00  0.000000E+00  0.000000E+00  5.533688E+09  1.350787E+09  5.871045E+07  2.728965E+08  2.200194E+12  7.315046E+06
  3.180000E+04  0.000000E+00  0.000000E+00  4.665400E-02  0.000000E+00  0.000000E+00  0.000000E+00  0.000000E+00  0.000000E+00  0.000000E+00  0.000000E+00  0.000000E+00  0.000000E+00  0.000000E+00  0.000000E+00  0.000000E+00  0.000000E+00  0.000000E+00  0.000000E+00  0.000000E+00  0.000000E+00  4.506080E+09  1.098509E+09  5.771625E+07  2.905348E+08  2.193999E+12  7.299058E+06
  3.240000E+04  0.000000E+00  0.000000E+00  4.423718E-02  0.000000E+00  0.000000E+00  0.000000E+00  0.000000E+00  0.000000E+00  0.000000E+00  0.000000E+00  0.000000E+00  0.000000E+00  0.000000E+00  0.000000E+00  0.000000E+00  0.000000E+00  0.000000E+00  0.000000E+00  0.000000E+00  0.000000E+00  3.782522E+09  9.213775E+08  5.600011E+07  3.012775E+08  2.187873E+12  7.177889E+06
  3.300000E+04  0.000000E+00  0.000000E+00  4.178915E-02  0.000000E+00  0.000000E+00  0.000000E+00  0.000000E+00  0.000000E+00  0.000000E+00  0.000000E+00  0.000000E+00  0.000000E+00  0.000000E+00  0.000000E+00  0.000000E+00  0.000000E+00  0.000000E+00  0.000000E+00  0.000000E+00  0.000000E+00  3.271008E+09  7.963331E+08  5.386874E+07  3.067122E+08  2.181892E+12  6.988086E+06
  3.360000E+04  0.000000E+00  0.000000E+00  3.933750E-02  0.000000E+00  0.000000E+00  0.000000E+00  0.000000E+00  0.000000E+00  0.000000E+00  0.000000E+00  0.000000E+00  0.000000E+00  0.000000E+00  0.000000E+00  0.000000E+00  0.000000E+00  0.000000E+00  0.000000E+00  0.000000E+00  0.000000E+00  2.906641E+09  7.072332E+08  5.151435E+07  3.081916E+08  2.176110E+12  6.756459E+06
  3.420000E+04  0.000000E+00  0.000000E+00  3.690711E-02  0.000000E+00  0.000000E+00  0.000000E+00  0.000000E+00  0.000000E+00  0.000000E+00  0.000000E+00  0.000000E+00  0.000000E+00  0.000000E+00  0.000000E+00  0.000000E+00  0.000000E+00  0.000000E+00  0.000000E+00  0.000000E+00  0.000000E+00  2.644695E+09  6.430165E+08  4.905420E+07  3.067589E+08  2.170566E+12  6.501147E+06
  3.480000E+04  0.000000E+00  0.000000E+00  3.452056E-02  0.000000E+00  0.000000E+00  0.000000E+00  0.000000E+00  0.000000E+00  0.000000E+00  0.000000E+00  0.000000E+00  0.000000E+00  0.000000E+00  0.000000E+00  0.000000E+00  0.000000E+00  0.000000E+00  0.000000E+00  0.000000E+00  0.000000E+00  2.454529E+09  5.961346E+08  4.656130E+07  3.031913E+08  2.165284E+12  6.234150E+06
  3.540000E+04  0.000000E+00  0.000000E+00  3.219847E-02  0.000000E+00  0.000000E+00  0.000000E+00  0.000000E+00  0.000000E+00  0.000000E+00  0.000000E+00  0.000000E+00  0.000000E+00  0.000000E+00  0.000000E+00  0.000000E+00  0.000000E+00  0.000000E+00  0.000000E+00  0.000000E+00  0.000000E+00  2.315103E+09  5.614184E+08  4.408359E+07  2.980664E+08  2.160276E+12  5.963501E+06
  3.600000E+04  0.000000E+00  0.000000E+00  2.995982E-02  0.000000E+00  0.000000E+00  0.000000E+00  0.000000E+00  0.000000E+00  0.000000E+00  0.000000E+00  0.000000E+00  0.000000E+00  0.000000E+00  0.000000E+00  0.000000E+00  0.000000E+00  0.000000E+00  0.000000E+00  0.000000E+00  0.000000E+00  2.211877E+09  5.353055E+08  4.165514E+07  2.918204E+08  2.155547E+12  5.694782E+06
  3.660000E+04  0.000000E+00  0.000000E+00  2.782215E-02  0.000000E+00  0.000000E+00  0.000000E+00  0.000000E+00  0.000000E+00  0.000000E+00  0.000000E+00  0.000000E+00  0.000000E+00  0.000000E+00  0.000000E+00  0.000000E+00  0.000000E+00  0.000000E+00  0.000000E+00  0.000000E+00  0.000000E+00  2.134715E+09  5.153234E+08  3.930250E+07  2.847932E+08  2.151096E+12  5.432098E+06
  3.720000E+04  0.000000E+00  0.000000E+00  2.580182E-02  0.000000E+00  0.000000E+00  0.000000E+00  0.000000E+00  0.000000E+00  0.000000E+00  0.000000E+00  0.000000E+00  0.000000E+00  0.000000E+00  0.000000E+00  0.000000E+00  0.000000E+00  0.000000E+00  0.000000E+00  0.000000E+00  0.000000E+00  2.076485E+09  4.997446E+08  3.704821E+07  2.772617E+08  2.146915E+12  5.178699E+06
  3.780000E+04  0.000000E+00  0.000000E+00  2.391415E-02  0.000000E+00  0.000000E+00  0.000000E+00  0.000000E+00  0.000000E+00  0.000000E+00  0.000000E+00  0.000000E+00  0.000000E+00  0.000000E+00  0.000000E+00  0.000000E+00  0.000000E+00  0.000000E+00  0.000000E+00  0.000000E+00  0.000000E+00  2.032106E+09  4.873569E+08  3.491290E+07  2.694638E+08  2.142993E+12  4.937354E+06
  3.840000E+04  0.000000E+00  0.000000E+00  2.217354E-02  0.000000E+00  0.000000E+00  0.000000E+00  0.000000E+00  0.000000E+00  0.000000E+00  0.000000E+00  0.000000E+00  0.000000E+00  0.000000E+00  0.000000E+00  0.000000E+00  0.000000E+00  0.000000E+00  0.000000E+00  0.000000E+00  0.000000E+00  1.997916E+09  4.773082E+08  3.291639E+07  2.616156E+08  2.139316E+12  4.710594E+06
  3.900000E+04  0.000000E+00  0.000000E+00  2.059351E-02  0.000000E+00  0.000000E+00  0.000000E+00  0.000000E+00  0.000000E+00  0.000000E+00  0.000000E+00  0.000000E+00  0.000000E+00  0.000000E+00  0.000000E+00  0.000000E+00  0.000000E+00  0.000000E+00  0.000000E+00  0.000000E+00  0.000000E+00  1.971234E+09  4.690023E+08  3.107830E+07  2.539239E+08  2.135866E+12  4.500851E+06
  3.960000E+04  0.000000E+00  0.000000E+00  1.918673E-02  0.000000E+00  0.000000E+00  0.000000E+00  0.000000E+00  0.000000E+00  0.000000E+00  0.000000E+00  0.000000E+00  0.000000E+00  0.000000E+00  0.000000E+00  0.000000E+00  0.000000E+00  0.000000E+00  0.000000E+00  0.000000E+00  0.000000E+00  1.950067E+09  4.620269E+08  2.941832E+07  2.465933E+08  2.132623E+12  4.310527E+06
  4.020000E+04  0.000000E+00  0.000000E+00  1.796491E-02  0.000000E+00  0.000000E+00  0.000000E+00  0.000000E+00  0.000000E+00  0.000000E+00  0.000000E+00  0.000000E+00  0.000000E+00  0.000000E+00  0.000000E+00  0.000000E+00  0.000000E+00  0.000000E+00  0.000000E+00  0.000000E+00  0.000000E+00  1.932905E+09  4.561035E+08  2.795609E+07  2.398300E+08  2.129564E+12  4.142015E+06
  4.080000E+04  0.000000E+00  0.000000E+00  1.693870E-02  0.000000E+00  0.000000E+00  0.000000E+00  0.000000E+00  0.000000E+00  0.000000E+00  0.000000E+00  0.000000E+00  0.000000E+00  0.000000E+00  0.000000E+00  0.000000E+00  0.000000E+00  0.000000E+00  0.000000E+00  0.000000E+00  0.000000E+00  1.918585E+09  4.510509E+08  2.671083E+07  2.338405E+08  2.126663E+12  3.997669E+06
  4.140000E+04  0.000000E+00  0.000000E+00  1.611740E-02  0.000000E+00  0.000000E+00  0.000000E+00  0.000000E+00  0.000000E+00  0.000000E+00  0.000000E+00  0.000000E+00  0.000000E+00  0.000000E+00  0.000000E+00  0.000000E+00  0.000000E+00  0.000000E+00  0.000000E+00  0.000000E+00  0.000000E+00  1.906203E+09  4.467575E+08  2.570065E+07  2.288269E+08  2.123894E+12  3.879725E+06
  4.200000E+04  0.000000E+00  0.000000E+00  1.550868E-02  0.000000E+00  0.000000E+00  0.000000E+00  0.000000E+00  0.000000E+00  0.000000E+00  0.000000E+00  0.000000E+00  0.000000E+00  0.000000E+00  0.000000E+00  0.000000E+00  0.000000E+00  0.000000E+00  0.000000E+00  0.000000E+00  0.000000E+00  1.895053E+09  4.431581E+08  2.494160E+07  2.249763E+08  2.121229E+12  3.790188E+06
  4.260000E+04  0.000000E+00  0.000000E+00  1.511823E-02  0.000000E+00  0.000000E+00  0.000000E+00  0.000000E+00  0.000000E+00  0.000000E+00  0.000000E+00  0.000000E+00  0.000000E+00  0.000000E+00  0.000000E+00  0.000000E+00  0.000000E+00  0.000000E+00  0.000000E+00  0.000000E+00  0.000000E+00  1.884601E+09  4.402140E+08  2.444653E+07  2.224478E+08  2.118637E+12  3.730686E+06
  4.320000E+04  0.000000E+00  0.000000E+00  1.494943E-02  0.000000E+00  0.000000E+00  0.000000E+00  0.000000E+00  0.000000E+00  0.000000E+00  0.000000E+00  0.000000E+00  0.000000E+00  0.000000E+00  0.000000E+00  0.000000E+00  0.000000E+00  0.000000E+00  0.000000E+00  0.000000E+00  0.000000E+00  1.874465E+09  4.378963E+08  2.422391E+07  2.213579E+08  2.116087E+12  3.702317E+06
  4.380000E+04  0.000000E+00  0.000000E+00  1.500306E-02  0.000000E+00  0.000000E+00  0.000000E+00  0.000000E+00  0.000000E+00  0.000000E+00  0.000000E+00  0.000000E+00  0.000000E+00  0.000000E+00  0.000000E+00  0.000000E+00  0.000000E+00  0.000000E+00  0.000000E+00  0.000000E+00  0.000000E+00  1.864405E+09  4.361740E+08  2.427696E+07  2.217676E+08  2.113548E+12  3.705533E+06
  4.440000E+04  0.000000E+00  0.000000E+00  1.527723E-02  0.000000E+00  0.000000E+00  0.000000E+00  0.000000E+00  0.000000E+00  0.000000E+00  0.000000E+00  0.000000E+00  0.000000E+00  0.000000E+00  0.000000E+00  0.000000E+00  0.000000E+00  0.000000E+00  0.000000E+00  0.000000E+00  0.000000E+00  1.854315E+09  4.350066E+08  2.460308E+07  2.236749E+08  2.110988E+12  3.740066E+06
  4.500000E+04  0.000000E+00  0.000000E+00  1.576739E-02  0.000000E+00  0.000000E+00  0.000000E+00  0.000000E+00  0.000000E+00  0.000000E+00  0.000000E+00  0.000000E+00  0.000000E+00  0.000000E+00  0.000000E+00  0.000000E+00  0.000000E+00  0.000000E+00  0.000000E+00  0.000000E+00  0.000000E+00  1.844207E+09  4.343434E+08  2.519395E+07  2.270156E+08  2.108377E+12  3.804936E+06
  4.560000E+04  0.000000E+00  0.000000E+00  1.646652E-02  0.000000E+00  0.000000E+00  0.000000E+00  0.000000E+00  0.000000E+00  0.000000E+00  0.000000E+00  0.000000E+00  0.000000E+00  0.000000E+00  0.000000E+00  0.000000E+00  0.000000E+00  0.000000E+00  0.000000E+00  0.000000E+00  0.000000E+00  1.834181E+09  4.341263E+08  2.603621E+07  2.316714E+08  2.105685E+12  3.898531E+06
  4.620000E+04  0.000000E+00  0.000000E+00  1.736543E-02  0.000000E+00  0.000000E+00  0.000000E+00  0.000000E+00  0.000000E+00  0.000000E+00  0.000000E+00  0.000000E+00  0.000000E+00  0.000000E+00  0.000000E+00  0.000000E+00  0.000000E+00  0.000000E+00  0.000000E+00  0.000000E+00  0.000000E+00  1.824401E+09  4.342949E+08  2.711242E+07  2.374842E+08  2.102883E+12  4.018742E+06
  4.680000E+04  0.000000E+00  0.000000E+00  1.845310E-02  0.000000E+00  0.000000E+00  0.000000E+00  0.000000E+00  0.000000E+00  0.000000E+00  0.000000E+00  0.000000E+00  0.000000E+00  0.000000E+00  0.000000E+00  0.000000E+00  0.000000E+00  0.000000E+00  0.000000E+00  0.000000E+00  0.000000E+00  1.815061E+09  4.347912E+08  2.840227E+07  2.442726E+08  2.099945E+12  4.163117E+06
  4.740000E+04  0.000000E+00  0.000000E+00  1.971698E-02  0.000000E+00  0.000000E+00  0.000000E+00  0.000000E+00  0.000000E+00  0.000000E+00  0.000000E+00  0.000000E+00  0.000000E+00  0.000000E+00  0.000000E+00  0.000000E+00  0.000000E+00  0.000000E+00  0.000000E+00  0.000000E+00  0.000000E+00  1.806355E+09  4.355621E+08  2.988372E+07  2.518474E+08  2.096847E+12  4.329013E+06
  4.800000E+04  0.000000E+00  0.000000E+00  2.114328E-02  0.000000E+00  0.000000E+00  0.000000E+00  0.000000E+00  0.000000E+00  0.000000E+00  0.000000E+00  0.000000E+00  0.000000E+00  0.000000E+00  0.000000E+00  0.000000E+00  0.000000E+00  0.000000E+00  0.000000E+00  0.000000E+00  0.000000E+00  1.798453E+09  4.365598E+08  3.153390E+07  2.600243E+08  2.093567E+12  4.513724E+06
  4.860000E+04  0.000000E+00  0.000000E+00  2.271716E-02  0.000000E+00  0.000000E+00  0.000000E+00  0.000000E+00  0.000000E+00  0.000000E+00  0.000000E+00  0.000000E+00  0.000000E+00  0.000000E+00  0.000000E+00  0.000000E+00  0.000000E+00  0.000000E+00  0.000000E+00  0.000000E+00  0.000000E+00  1.791487E+09  4.377404E+08  3.332975E+07  2.686315E+08  2.090087E+12  4.714561E+06
  4.920000E+04  0.000000E+00  0.000000E+00  2.442284E-02  0.000000E+00  0.000000E+00  0.000000E+00  0.000000E+00  0.000000E+00  0.000000E+00  0.000000E+00  0.000000E+00  0.000000E+00  0.000000E+00  0.000000E+00  0.000000E+00  0.000000E+00  0.000000E+00  0.000000E+00  0.000000E+00  0.000000E+00  1.785545E+09  4.390616E+08  3.524844E+07  2.775152E+08  2.086389E+12  4.928922E+06
  4.980000E+04  0.000000E+00  0.000000E+00  2.624370E-02  0.000000E+00  0.000000E+00  0.000000E+00  0.000000E+00  0.000000E+00  0.000000E+00  0.000000E+00  0.000000E+00  0.000000E+00  0.000000E+00  0.000000E+00  0.000000E+00  0.000000E+00  0.000000E+00  0.000000E+00  0.000000E+00  0.000000E+00  1.780662E+09  4.404810E+08  3.726754E+07  2.865400E+08  2.082460E+12  5.154310E+06
  5.040000E+04  0.000000E+00  0.000000E+00  2.816228E-02  0.000000E+00  0.000000E+00  0.000000E+00  0.000000E+00  0.000000E+00  0.000000E+00  0.000000E+00  0.000000E+00  0.000000E+00  0.000000E+00  0.000000E+00  0.000000E+00  0.000000E+00  0.000000E+00  0.000000E+00  0.000000E+00  0.000000E+00  1.776830E+09  4.419539E+08  3.936505E+07  2.955895E+08  2.078288E+12  5.388349E+06
  5.100000E+04  0.000000E+00  0.000000E+00  3.016026E-02  0.000000E+00  0.000000E+00  0.000000E+00  0.000000E+00  0.000000E+00  0.000000E+00  0.000000E+00  0.000000E+00  0.000000E+00  0.000000E+00  0.000000E+00  0.000000E+00  0.000000E+00  0.000000E+00  0.000000E+00  0.000000E+00  0.000000E+00  1.774004E+09  4.434328E+08  4.151938E+07  3.045640E+08  2.073864E+12  5.628778E+06
  5.160000E+04  0.000000E+00  0.000000E+00  3.221842E-02  0.000000E+00  0.000000E+00  0.000000E+00  0.000000E+00  0.000000E+00  0.000000E+00  0.000000E+00  0.000000E+00  0.000000E+00  0.000000E+00  0.000000E+00  0.000000E+00  0.000000E+00  0.000000E+00  0.000000E+00  0.000000E+00  0.000000E+00  1.772108E+09  4.448672E+08  4.370917E+07  3.133783E+08  2.069183E+12  5.873440E+06
  5.220000E+04  0.000000E+00  0.000000E+00  3.431658E-02  0.000000E+00  0.000000E+00  0.000000E+00  0.000000E+00  0.000000E+00  0.000000E+00  0.000000E+00  0.000000E+00  0.000000E+00  0.000000E+00  0.000000E+00  0.000000E+00  0.000000E+00  0.000000E+00  0.000000E+00  0.000000E+00  0.000000E+00  1.771046E+09  4.462037E+08  4.591315E+07  3.219593E+08  2.064239E+12  6.120258E+06
  5.280000E+04  0.000000E+00  0.000000E+00  3.643352E-02  0.000000E+00  0.000000E+00  0.000000E+00  0.000000E+00  0.000000E+00  0.000000E+00  0.000000E+00  0.000000E+00  0.000000E+00  0.000000E+00  0.000000E+00  0.000000E+00  0.000000E+00  0.000000E+00  0.000000E+00  0.000000E+00  0.000000E+00  1.770715E+09  4.473868E+08  4.810998E+07  3.302435E+08  2.059033E+12  6.367221E+06
  5.340000E+04  0.000000E+00  0.000000E+00  3.854687E-02  0.000000E+00  0.000000E+00  0.000000E+00  0.000000E+00  0.000000E+00  0.000000E+00  0.000000E+00  0.000000E+00  0.000000E+00  0.000000E+00  0.000000E+00  0.000000E+00  0.000000E+00  0.000000E+00  0.000000E+00  0.000000E+00  0.000000E+00  1.771008E+09  4.483598E+08  5.027798E+07  3.381749E+08  2.053566E+12  6.612352E+06
  5.400000E+04  0.000000E+00  0.000000E+00  4.063303E-02  0.000000E+00  0.000000E+00  0.000000E+00  0.000000E+00  0.000000E+00  0.000000E+00  0.000000E+00  0.000000E+00  0.000000E+00  0.000000E+00  0.000000E+00  0.000000E+00  0.000000E+00  0.000000E+00  0.000000E+00  0.000000E+00  0.000000E+00  1.771826E+09  4.490650E+08  5.239497E+07  3.457029E+08  2.047843E+12  6.853687E+06
  5.460000E+04  0.000000E+00  0.000000E+00  4.266706E-02  0.000000E+00  0.000000E+00  0.000000E+00  0.000000E+00  0.000000E+00  0.000000E+00  0.000000E+00  0.000000E+00  0.000000E+00  0.000000E+00  0.000000E+00  0.000000E+00  0.000000E+00  0.000000E+00  0.000000E+00  0.000000E+00  0.000000E+00  1.773078E+09  4.494440E+08  5.443804E+07  3.527803E+08  2.041871E+12  7.089243E+06
  5.520000E+04  0.000000E+00  0.000000E+00  4.462254E-02  0.000000E+00  0.000000E+00  0.000000E+00  0.000000E+00  0.000000E+00  0.000000E+00  0.000000E+00  0.000000E+00  0.000000E+00  0.000000E+00  0.000000E+00  0.000000E+00  0.000000E+00  0.000000E+00  0.000000E+00  0.000000E+00  0.000000E+00  1.774688E+09  4.494378E+08  5.638327E+07  3.593621E+08  2.035659E+12  7.316991E+06
  5.580000E+04  0.000000E+00  0.000000E+00  4.647144E-02  0.000000E+00  0.000000E+00  0.000000E+00  0.000000E+00  0.000000E+00  0.000000E+00  0.000000E+00  0.000000E+00  0.000000E+00  0.000000E+00  0.000000E+00  0.000000E+00  0.000000E+00  0.000000E+00  0.000000E+00  0.000000E+00  0.000000E+00  1.776599E+09  4.489863E+08  5.820550E+07  3.654035E+08  2.029222E+12  7.534823E+06
  5.640000E+04  0.000000E+00  0.000000E+00  4.818402E-02  0.000000E+00  0.000000E+00  0.000000E+00  0.000000E+00  0.000000E+00  0.000000E+00  0.000000E+00  0.000000E+00  0.000000E+00  0.000000E+00  0.000000E+00  0.000000E+00  0.000000E+00  0.000000E+00  0.000000E+00  0.000000E+00  0.000000E+00  1.778767E+09  4.480270E+08  5.987806E+07  3.708592E+08  2.022576E+12  7.740519E+06
  5.700000E+04  0.000000E+00  0.000000E+00  4.972865E-02  0.000000E+00  0.000000E+00  0.000000E+00  0.000000E+00  0.000000E+00  0.000000E+00  0.000000E+00  0.000000E+00  0.000000E+00  0.000000E+00  0.000000E+00  0.000000E+00  0.000000E+00  0.000000E+00  0.000000E+00  0.000000E+00  0.000000E+00  1.781169E+09  4.464944E+08  6.137250E+07  3.756813E+08  2.015741E+12  7.931706E+06
  5.760000E+04  0.000000E+00  0.000000E+00  5.107167E-02  0.000000E+00  0.000000E+00  0.000000E+00  0.000000E+00  0.000000E+00  0.000000E+00  0.000000E+00  0.000000E+00  0.000000E+00  0.000000E+00  0.000000E+00  0.000000E+00  0.000000E+00  0.000000E+00  0.000000E+00  0.000000E+00  0.000000E+00  1.783797E+09  4.443180E+08  6.265823E+07  3.798181E+08  2.008741E+12  8.105823E+06
  5.820000E+04  0.000000E+00  0.000000E+00  5.217729E-02  0.000000E+00  0.000000E+00  0.000000E+00  0.000000E+00  0.000000E+00  0.000000E+00  0.000000E+00  0.000000E+00  0.000000E+00  0.000000E+00  0.000000E+00  0.000000E+00  0.000000E+00  0.000000E+00  0.000000E+00  0.000000E+00  0.000000E+00  1.786660E+09  4.414205E+08  6.370227E+07  3.832125E+08  2.001602E+12  8.260069E+06
  5.880000E+04  0.000000E+00  0.000000E+00  5.300743E-02  0.000000E+00  0.000000E+00  0.000000E+00  0.000000E+00  0.000000E+00  0.000000E+00  0.000000E+00  0.000000E+00  0.000000E+00  0.000000E+00  0.000000E+00  0.000000E+00  0.000000E+00  0.000000E+00  0.000000E+00  0.000000E+00  0.000000E+00  1.789787E+09  4.377161E+08  6.446894E+07  3.857998E+08  1.994357E+12  8.391358E+06
  5.940000E+04  0.000000E+00  0.000000E+00  5.352169E-02  0.000000E+00  0.000000E+00  0.000000E+00  0.000000E+00  0.000000E+00  0.000000E+00  0.000000E+00  0.000000E+00  0.000000E+00  0.000000E+00  0.000000E+00  0.000000E+00  0.000000E+00  0.000000E+00  0.000000E+00  0.000000E+00  0.000000E+00  1.793220E+09  4.331076E+08  6.491951E+07  3.875054E+08  1.987040E+12  8.496256E+06
  6.000000E+04  0.000000E+00  0.000000E+00  5.367733E-02  0.000000E+00  0.000000E+00  0.000000E+00  0.000000E+00  0.000000E+00  0.000000E+00  0.000000E+00  0.000000E+00  0.000000E+00  0.000000E+00  0.000000E+00  0.000000E+00  0.000000E+00  0.000000E+00  0.000000E+00  0.000000E+00  0.000000E+00  1.797025E+09  4.274840E+08  6.501197E+07  3.882415E+08  1.979692E+12  8.570923E+06
  6.060000E+04  0.000000E+00  0.000000E+00  5.342944E-02  0.000000E+00  0.000000E+00  0.000000E+00  0.000000E+00  0.000000E+00  0.000000E+00  0.000000E+00  0.000000E+00  0.000000E+00  0.000000E+00  0.000000E+00  0.000000E+00  0.000000E+00  0.000000E+00  0.000000E+00  0.000000E+00  0.000000E+00  1.801287E+09  4.207170E+08  6.470086E+07  3.879031E+08  1.972358E+12  8.611035E+06
  6.120000E+04  0.000000E+00  0.000000E+00  5.273127E-02  0.000000E+00  0.000000E+00  0.000000E+00  0.000000E+00  0.000000E+00  0.000000E+00  0.000000E+00  0.000000E+00  0.000000E+00  0.000000E+00  0.000000E+00  0.000000E+00  0.000000E+00  0.000000E+00  0.000000E+00  0.000000E+00  0.000000E+00  1.806121E+09  4.126580E+08  6.393720E+07  3.863629E+08  1.965088E+12  8.611710E+06
  6.180000E+04  0.000000E+00  0.000000E+00  5.153500E-02  0.000000E+00  0.000000E+00  0.000000E+00  0.000000E+00  0.000000E+00  0.000000E+00  0.000000E+00  0.000000E+00  0.000000E+00  0.000000E+00  0.000000E+00  0.000000E+00  0.000000E+00  0.000000E+00  0.000000E+00  0.000000E+00  0.000000E+00  1.811678E+09  4.031328E+08  6.266873E+07  3.834642E+08  1.957938E+12  8.567418E+06
  6.240000E+04  0.000000E+00  0.000000E+00  4.979301E-02  0.000000E+00  0.000000E+00  0.000000E+00  0.000000E+00  0.000000E+00  0.000000E+00  0.000000E+00  0.000000E+00  0.000000E+00  0.000000E+00  0.000000E+00  0.000000E+00  0.000000E+00  0.000000E+00  0.000000E+00  0.000000E+00  0.000000E+00  1.818154E+09  3.919372E+08  6.084052E+07  3.790122E+08  1.950969E+12  8.471903E+06
  6.300000E+04  0.000000E+00  0.000000E+00  4.746011E-02  0.000000E+00  0.000000E+00  0.000000E+00  0.000000E+00  0.000000E+00  0.000000E+00  0.000000E+00  0.000000E+00  0.000000E+00  0.000000E+00  0.000000E+00  0.000000E+00  0.000000E+00  0.000000E+00  0.000000E+00  0.000000E+00  0.000000E+00  1.825810E+09  3.788306E+08  5.839636E+07  3.727617E+08  1.944246E+12  8.318105E+06
  6.360000E+04  0.000000E+00  0.000000E+00  4.449715E-02  0.000000E+00  0.000000E+00  0.000000E+00  0.000000E+00  0.000000E+00  0.000000E+00  0.000000E+00  0.000000E+00  0.000000E+00  0.000000E+00  0.000000E+00  0.000000E+00  0.000000E+00  0.000000E+00  0.000000E+00  0.000000E+00  0.000000E+00  1.834994E+09  3.635282E+08  5.528127E+07  3.644018E+08  1.937844E+12  8.098134E+06
  6.420000E+04  0.000000E+00  0.000000E+00  4.087685E-02  0.000000E+00  0.000000E+00  0.000000E+00  0.000000E+00  0.000000E+00  0.000000E+00  0.000000E+00  0.000000E+00  0.000000E+00  0.000000E+00  0.000000E+00  0.000000E+00  0.000000E+00  0.000000E+00  0.000000E+00  0.000000E+00  0.000000E+00  1.846175E+09  3.456926E+08  5.144590E+07  3.535350E+08  1.931837E+12  7.803328E+06
  6.480000E+04  0.000000E+00  0.000000E+00  3.659295E-02  0.000000E+00  0.000000E+00  0.000000E+00  0.000000E+00  0.000000E+00  0.000000E+00  0.000000E+00  0.000000E+00  0.000000E+00  0.000000E+00  0.000000E+00  0.000000E+00  0.000000E+00  0.000000E+00  0.000000E+00  0.000000E+00  0.000000E+00  1.859995E+09  3.249239E+08  4.685411E+07  3.396516E+08  1.926308E+12  7.424516E+06
  6.540000E+04  0.000000E+00  0.000000E+00  3.167429E-02  0.000000E+00  0.000000E+00  0.000000E+00  0.000000E+00  0.000000E+00  0.000000E+00  0.000000E+00  0.000000E+00  0.000000E+00  0.000000E+00  0.000000E+00  0.000000E+00  0.000000E+00  0.000000E+00  0.000000E+00  0.000000E+00  0.000000E+00  1.877334E+09  3.007501E+08  4.149545E+07  3.220995E+08  1.921338E+12  6.952687E+06
  6.600000E+04  0.000000E+00  0.000000E+00  2.620603E-02  0.000000E+00  0.000000E+00  0.000000E+00  0.000000E+00  0.000000E+00  0.000000E+00  0.000000E+00  0.000000E+00  0.000000E+00  0.000000E+00  0.000000E+00  0.000000E+00  0.000000E+00  0.000000E+00  0.000000E+00  0.000000E+00  0.000000E+00  1.899391E+09  2.726227E+08  3.540556E+07  3.000563E+08  1.917005E+12  6.380525E+06
  6.660000E+04  0.000000E+00  0.000000E+00  2.035961E-02  0.000000E+00  0.000000E+00  0.000000E+00  0.000000E+00  0.000000E+00  0.000000E+00  0.000000E+00  0.000000E+00  0.000000E+00  0.000000E+00  0.000000E+00  0.000000E+00  0.000000E+00  0.000000E+00  0.000000E+00  0.000000E+00  0.000000E+00  1.927769E+09  2.399304E+08  2.869860E+07  2.725232E+08  1.913380E+12  5.705712E+06
  6.720000E+04  0.000000E+00  0.000000E+00  1.443119E-02  0.000000E+00  0.000000E+00  0.000000E+00  0.000000E+00  0.000000E+00  0.000000E+00  0.000000E+00  0.000000E+00  0.000000E+00  0.000000E+00  0.000000E+00  0.000000E+00  0.000000E+00  0.000000E+00  0.000000E+00  0.000000E+00  0.000000E+00  1.964466E+09  2.020731E+08  2.161609E+07  2.384039E+08  1.910511E+12  4.938006E+06
  6.780000E+04  0.000000E+00  0.000000E+00  8.877675E-03  0.000000E+00  0.000000E+00  0.000000E+00  0.000000E+00  0.000000E+00  0.000000E+00  0.000000E+00  0.000000E+00  0.000000E+00  0.000000E+00  0.000000E+00  0.000000E+00  0.000000E+00  0.000000E+00  0.000000E+00  0.000000E+00  0.000000E+00  2.011554E+09  1.586857E+08  1.459203E+07  1.968097E+08  1.908411E+12  4.114308E+06
  6.840000E+04  0.000000E+00  0.000000E+00  4.311021E-03  0.000000E+00  0.000000E+00  0.000000E+00  0.000000E+00  0.000000E+00  0.000000E+00  0.000000E+00  0.000000E+00  0.000000E+00  0.000000E+00  0.000000E+00  0.000000E+00  0.000000E+00  0.000000E+00  0.000000E+00  0.000000E+00  0.000000E+00  2.069717E+09  1.104764E+08  8.312994E+06  1.481630E+08  1.907036E+12  3.335684E+06
  6.900000E+04  0.000000E+00  0.000000E+00  1.347011E-03  0.000000E+00  0.000000E+00  0.000000E+00  0.000000E+00  0.000000E+00  0.000000E+00  0.000000E+00  0.000000E+00  0.000000E+00  0.000000E+00  0.000000E+00  0.000000E+00  0.000000E+00  0.000000E+00  0.000000E+00  0.000000E+00  0.000000E+00  2.134615E+09  6.105808E+07  3.653972E+06  9.654214E+07  1.906264E+12  2.851813E+06
  6.960000E+04  0.000000E+00  0.000000E+00  1.583870E-04  0.000000E+00  0.000000E+00  0.000000E+00  0.000000E+00  0.000000E+00  0.000000E+00  0.000000E+00  0.000000E+00  0.000000E+00  0.000000E+00  0.000000E+00  0.000000E+00  0.000000E+00  0.000000E+00  0.000000E+00  0.000000E+00  0.000000E+00  2.190486E+09  2.025262E+07  1.225629E+06  5.264832E+07  1.905901E+12  3.362712E+06
  7.020000E+04  0.000000E+00  0.000000E+00  9.457035E-07  0.000000E+00  0.000000E+00  0.000000E+00  0.000000E+00  0.000000E+00  0.000000E+00  0.000000E+00  0.000000E+00  0.000000E+00  0.000000E+00  0.000000E+00  0.000000E+00  0.000000E+00  0.000000E+00  0.000000E+00  0.000000E+00  0.000000E+00  2.210418E+09  1.902049E+06  5.049763E+05  2.726979E+07  1.905736E+12  8.348503E+06
  7.080000E+04  0.000000E+00  0.000000E+00  1.174651E-18  0.000000E+00  0.000000E+00  0.000000E+00  0.000000E+00  0.000000E+00  0.000000E+00  0.000000E+00  0.000000E+00  0.000000E+00  0.000000E+00  0.000000E+00  0.000000E+00  0.000000E+00  0.000000E+00  0.000000E+00  0.000000E+00  0.000000E+00  2.168051E+09  1.646396E+04  2.974858E+05  1.566140E+07  1.905625E+12  3.461815E+07
  7.140000E+04  0.000000E+00  0.000000E+00  4.837984E-84  0.000000E+00  0.000000E+00  0.000000E+00  0.000000E+00  0.000000E+00  0.000000E+00  0.000000E+00  0.000000E+00  0.000000E+00  0.000000E+00  0.000000E+00  0.000000E+00  0.000000E+00  0.000000E+00  0.000000E+00  0.000000E+00  0.000000E+00  2.098994E+09  2.562581E+03  1.898890E+05  9.594938E+06  1.905534E+12  6.680932E+07
  7.200000E+04  0.000000E+00  0.000000E+00  5.597292-176  0.000000E+00  0.000000E+00  0.000000E+00  0.000000E+00  0.000000E+00  0.000000E+00  0.000000E+00  0.000000E+00  0.000000E+00  0.000000E+00  0.000000E+00  0.000000E+00  0.000000E+00  0.000000E+00  0.000000E+00  0.000000E+00  0.000000E+00  2.032970E+09  3.558391E+03  1.242543E+05  6.052046E+06  1.905459E+12  9.760673E+07
  7.260000E+04  0.000000E+00  0.000000E+00  3.191252-267  0.000000E+00  0.000000E+00  0.000000E+00  0.000000E+00  0.000000E+00  0.000000E+00  0.000000E+00  0.000000E+00  0.000000E+00  0.000000E+00  0.000000E+00  0.000000E+00  0.000000E+00  0.000000E+00  0.000000E+00  0.000000E+00  0.000000E+00  1.969969E+09  4.415095E+03  8.225888E+04  3.871693E+06  1.905395E+12  1.278984E+08
  7.320000E+04  0.000000E+00  0.000000E+00  0.000000E+00  0.000000E+00  0.000000E+00  0.000000E+00  0.000000E+00  0.000000E+00  0.000000E+00  0.000000E+00  0.000000E+00  0.000000E+00  0.000000E+00  0.000000E+00  0.000000E+00  0.000000E+00  0.000000E+00  0.000000E+00  0.000000E+00  0.000000E+00  1.909630E+09  5.154139E+03  5.466080E+04  2.490788E+06  1.905338E+12  1.578385E+08
  7.380000E+04  0.000000E+00  0.000000E+00  0.000000E+00  0.000000E+00  0.000000E+00  0.000000E+00  0.000000E+00  0.000000E+00  0.000000E+00  0.000000E+00  0.000000E+00  0.000000E+00  0.000000E+00  0.000000E+00  0.000000E+00  0.000000E+00  0.000000E+00  0.000000E+00  0.000000E+00  0.000000E+00  1.851724E+09  5.791891E+03  3.627814E+04  1.603208E+06  1.905287E+12  1.874910E+08
  7.440000E+04  0.000000E+00  0.000000E+00  0.000000E+00  0.000000E+00  0.000000E+00  0.000000E+00  0.000000E+00  0.000000E+00  0.000000E+00  0.000000E+00  0.000000E+00  0.000000E+00  0.000000E+00  0.000000E+00  0.000000E+00  0.000000E+00  0.000000E+00  0.000000E+00  0.000000E+00  0.000000E+00  1.796097E+09  6.341478E+03  2.397881E+04  1.029111E+06  1.905239E+12  2.168798E+08
  7.500000E+04  0.000000E+00  0.000000E+00  0.000000E+00  0.000000E+00  0.000000E+00  0.000000E+00  0.000000E+00  0.000000E+00  0.000000E+00  0.000000E+00  0.000000E+00  0.000000E+00  0.000000E+00  0.000000E+00  0.000000E+00  0.000000E+00  0.000000E+00  0.000000E+00  0.000000E+00  0.000000E+00  1.742640E+09  6.813538E+03  1.575428E+04  6.574583E+05  1.905194E+12  2.460082E+08
  7.560000E+04  0.000000E+00  0.000000E+00  0.000000E+00  0.000000E+00  0.000000E+00  0.000000E+00  0.000000E+00  0.000000E+00  0.000000E+00  0.000000E+00  0.000000E+00  0.000000E+00  0.000000E+00  0.000000E+00  0.000000E+00  0.000000E+00  0.000000E+00  0.000000E+00  0.000000E+00  0.000000E+00  1.691260E+09  7.217162E+03  1.027666E+04  4.175013E+05  1.905152E+12  2.748685E+08
  7.620000E+04  0.000000E+00  0.000000E+00  0.000000E+00  0.000000E+00  0.000000E+00  0.000000E+00  0.000000E+00  0.000000E+00  0.000000E+00  0.000000E+00  0.000000E+00  0.000000E+00  0.000000E+00  0.000000E+00  0.000000E+00  0.000000E+00  0.000000E+00  0.000000E+00  0.000000E+00  0.000000E+00  1.641876E+09  7.560262E+03  6.651105E+03  2.633316E+05  1.905111E+12  3.034486E+08
  7.680000E+04  0.000000E+00  0.000000E+00  0.000000E+00  0.000000E+00  0.000000E+00  0.000000E+00  0.000000E+00  0.000000E+00  0.000000E+00  0.000000E+00  0.000000E+00  0.000000E+00  0.000000E+00  0.000000E+00  0.000000E+00  0.000000E+00  0.000000E+00  0.000000E+00  0.000000E+00  0.000000E+00  1.594411E+09  7.849796E+03  4.269428E+03  1.649004E+05  1.905072E+12  3.317352E+08
  7.740000E+04  0.000000E+00  0.000000E+00  0.000000E+00  0.000000E+00  0.000000E+00  0.000000E+00  0.000000E+00  0.000000E+00  0.000000E+00  0.000000E+00  0.000000E+00  0.000000E+00  0.000000E+00  0.000000E+00  0.000000E+00  0.000000E+00  0.000000E+00  0.000000E+00  0.000000E+00  0.000000E+00  1.548786E+09  8.091913E+03  2.717813E+03  1.025014E+05  1.905034E+12  3.597155E+08
  7.800000E+04  0.000000E+00  0.000000E+00  0.000000E+00  0.000000E+00  0.000000E+00  0.000000E+00  0.000000E+00  0.000000E+00  0.000000E+00  0.000000E+00  0.000000E+00  0.000000E+00  0.000000E+00  0.000000E+00  0.000000E+00  0.000000E+00  0.000000E+00  0.000000E+00  0.000000E+00  0.000000E+00  1.504926E+09  8.292060E+03  1.715714E+03  6.324225E+04  1.904998E+12  3.873785E+08
  7.860000E+04  0.000000E+00  0.000000E+00  0.000000E+00  0.000000E+00  0.000000E+00  0.000000E+00  0.000000E+00  0.000000E+00  0.000000E+00  0.000000E+00  0.000000E+00  0.000000E+00  0.000000E+00  0.000000E+00  0.000000E+00  0.000000E+00  0.000000E+00  0.000000E+00  0.000000E+00  0.000000E+00  1.462755E+09  8.455063E+03  1.074206E+03  3.873257E+04  1.904962E+12  4.147148E+08
  7.920000E+04  0.000000E+00  0.000000E+00  0.000000E+00  0.000000E+00  0.000000E+00  0.000000E+00  0.000000E+00  0.000000E+00  0.000000E+00  0.000000E+00  0.000000E+00  0.000000E+00  0.000000E+00  0.000000E+00  0.000000E+00  0.000000E+00  0.000000E+00  0.000000E+00  0.000000E+00  0.000000E+00  1.422198E+09  8.585203E+03  6.671366E+02  2.354972E+04  1.904928E+12  4.417171E+08
  7.980000E+04  0.000000E+00  0.000000E+00  0.000000E+00  0.000000E+00  0.000000E+00  0.000000E+00  0.000000E+00  0.000000E+00  0.000000E+00  0.000000E+00  0.000000E+00  0.000000E+00  0.000000E+00  0.000000E+00  0.000000E+00  0.000000E+00  0.000000E+00  0.000000E+00  0.000000E+00  0.000000E+00  1.383182E+09  8.686273E+03  4.110636E+02  1.421677E+04  1.904895E+12  4.683795E+08
  8.040000E+04  0.000000E+00  0.000000E+00  0.000000E+00  0.000000E+00  0.000000E+00  0.000000E+00  0.000000E+00  0.000000E+00  0.000000E+00  0.000000E+00  0.000000E+00  0.000000E+00  0.000000E+00  0.000000E+00  0.000000E+00  0.000000E+00  0.000000E+00  0.000000E+00  0.000000E+00  0.000000E+00  1.345637E+09  8.761637E+03  2.513402E+02  8.523088E+03  1.904862E+12  4.946978E+08
  8.100000E+04  0.000000E+00  0.000000E+00  0.000000E+00  0.000000E+00  0.000000E+00  0.000000E+00  0.000000E+00  0.000000E+00  0.000000E+00  0.000000E+00  0.000000E+00  0.000000E+00  0.000000E+00  0.000000E+00  0.000000E+00  0.000000E+00  0.000000E+00  0.000000E+00  0.000000E+00  0.000000E+00  1.309496E+09  8.814277E+03  1.525349E+02  5.075219E+03  1.904831E+12  5.206688E+08
  8.160000E+04  0.000000E+00  0.000000E+00  0.000000E+00  0.000000E+00  0.000000E+00  0.000000E+00  0.000000E+00  0.000000E+00  0.000000E+00  0.000000E+00  0.000000E+00  0.000000E+00  0.000000E+00  0.000000E+00  0.000000E+00  0.000000E+00  0.000000E+00  0.000000E+00  0.000000E+00  0.000000E+00  1.274693E+09  8.846818E+03  9.189977E+01  3.002348E+03  1.904800E+12  5.462908E+08
  8.220000E+04  0.000000E+00  0.000000E+00  0.000000E+00  0.000000E+00  0.000000E+00  0.000000E+00  0.000000E+00  0.000000E+00  0.000000E+00  0.000000E+00  0.000000E+00  0.000000E+00  0.000000E+00  0.000000E+00  0.000000E+00  0.000000E+00  0.000000E+00  0.000000E+00  0.000000E+00  0.000000E+00  1.241165E+09  8.861629E+03  5.498210E+01  1.764835E+03  1.904770E+12  5.715625E+08
  8.280000E+04  0.000000E+00  0.000000E+00  0.000000E+00  0.000000E+00  0.000000E+00  0.000000E+00  0.000000E+00  0.000000E+00  0.000000E+00  0.000000E+00  0.000000E+00  0.000000E+00  0.000000E+00  0.000000E+00  0.000000E+00  0.000000E+00  0.000000E+00  0.000000E+00  0.000000E+00  0.000000E+00  1.208854E+09  8.860805E+03  3.267314E+01  1.031024E+03  1.904741E+12  5.964834E+08
  8.340000E+04  0.000000E+00  0.000000E+00  0.000000E+00  0.000000E+00  0.000000E+00  0.000000E+00  0.000000E+00  0.000000E+00  0.000000E+00  0.000000E+00  0.000000E+00  0.000000E+00  0.000000E+00  0.000000E+00  0.000000E+00  0.000000E+00  0.000000E+00  0.000000E+00  0.000000E+00  0.000000E+00  1.177703E+09  8.846198E+03  1.928912E+01  5.987365E+02  1.904713E+12  6.210539E+08
  8.400000E+04  0.000000E+00  0.000000E+00  0.000000E+00  0.000000E+00  0.000000E+00  0.000000E+00  0.000000E+00  0.000000E+00  0.000000E+00  0.000000E+00  0.000000E+00  0.000000E+00  0.000000E+00  0.000000E+00  0.000000E+00  0.000000E+00  0.000000E+00  0.000000E+00  0.000000E+00  0.000000E+00  1.147659E+09  8.819453E+03  1.131553E+01  3.456886E+02  1.904685E+12  6.452747E+08
  8.460000E+04  0.000000E+00  0.000000E+00  0.000000E+00  0.000000E+00  0.000000E+00  0.000000E+00  0.000000E+00  0.000000E+00  0.000000E+00  0.000000E+00  0.000000E+00  0.000000E+00  0.000000E+00  0.000000E+00  0.000000E+00  0.000000E+00  0.000000E+00  0.000000E+00  0.000000E+00  0.000000E+00  1.118672E+09  8.782035E+03  6.597298E+00  1.984694E+02  1.904658E+12  6.691470E+08
